1 1.136782
1 0.905942
1 1.070828
1 1.145299
1 1.134204
1 1.146628
1 1.144544
1 1.153860
1 1.143901
1 1.130168
1 1.149857
1 1.127207
1 1.146140
1 1.140354
1 1.110436
1 1.131835
1 1.146340
1 1.144236
1 1.142975
1 1.143333
1 1.137229
1 1.135441
1 1.102404
1 1.087749
1 1.138445
1 1.143917
1 1.139321
1 1.134489
1 1.147851
1 1.149034
2 0.927193
2 0.925827
2 0.910341
2 0.944063
2 0.923962
2 0.932511
2 0.894591
2 0.932727
2 0.918203
2 0.874605
2 0.818887
2 0.690643
2 0.692843
2 0.746333
2 0.820974
2 0.807422
2 0.687904
2 0.694535
2 0.771601
2 0.888071
2 0.926508
2 0.922012
2 0.941351
2 0.922455
2 0.907391
2 0.919449
2 0.923333
2 0.927687
2 0.918394
2 0.924291
3 0.560732
3 0.558128
3 0.500925
3 0.538459
3 0.555504
3 0.542731
3 0.569701
3 0.566402
3 0.574610
3 0.545351
3 0.499387
3 0.495327
3 0.485211
3 0.546562
3 0.458448
3 0.514175
3 0.494423
3 0.538931
3 0.457157
3 0.540410
3 0.569726
3 0.576722
3 0.571267
3 0.555059
3 0.584070
3 0.547879
3 0.538884
3 0.611687
3 0.546357
3 0.562942
4 0.509566
4 0.506076
4 0.515700
4 0.499954
4 0.504399
4 0.511271
4 0.508333
4 0.505179
4 0.509519
4 0.498637
4 0.507052
4 0.524394
4 0.484707
4 0.503900
4 0.513386
4 0.502520
4 0.503729
4 0.512221
4 0.507202
4 0.505464
4 0.508283
4 0.502948
4 0.507143
4 0.505562
4 0.504729
4 0.499112
4 0.512222
4 0.501601
4 0.508200
4 0.506839
8 0.229557
8 0.250700
8 0.250142
8 0.228275
8 0.248081
8 0.275573
8 0.256193
8 0.254007
8 0.224027
8 0.243307
8 0.225656
8 0.256480
8 0.252897
8 0.230051
8 0.254702
8 0.291497
8 0.256189
8 0.227529
8 0.254110
8 0.252839
8 0.251849
8 0.250077
8 0.253029
8 0.249858
8 0.236012
8 0.280786
8 0.250805
8 0.253286
8 0.254763
8 0.250133
16 0.174675
16 0.167107
16 0.164367
16 0.280601
16 0.189869
16 0.168290
16 0.181747
16 0.172255
16 0.283313
16 0.172285
16 0.176090
16 0.178312
16 0.168150
16 0.182749
16 0.164146
16 0.154538
16 0.174373
16 0.177855
16 0.168318
16 0.172871
16 0.175387
16 0.185792
16 0.176564
16 0.162903
16 0.164758
16 0.172828
16 0.170831
16 0.182434
16 0.286896
16 0.167620
32 0.173075
32 0.173041
32 0.162058
32 0.162270
32 0.169245
32 0.162493
32 0.162457
32 0.163505
32 0.169703
32 0.162348
32 0.166891
32 0.165844
32 0.186719
32 0.164532
32 0.165440
32 0.162641
32 0.163584
32 0.167418
32 0.171788
32 0.162549
32 0.164475
32 0.163711
32 0.163899
32 0.169879
32 0.164251
32 0.163202
32 0.168459
32 0.169559
32 0.171691
32 0.165881
64 0.249181
64 0.237552
64 0.261385
64 0.193960
64 0.230484
64 0.265850
64 0.186516
64 0.239541
64 0.266922
64 0.233279
64 0.227754
64 0.221986
64 0.238685
64 0.193015
64 0.200356
64 0.279131
64 0.239123
64 0.270350
64 0.253944
64 0.318829
64 0.247004
64 0.246165
64 0.260502
64 0.270592
64 0.330073
64 0.272762
64 0.297978
64 0.231114
64 0.239633
64 0.213060
